1.877207992353275012e-01
-5.104700171518767871e-01
7.846511236418000079e-01
-3.116100344101825625e-02
5.142273229956624281e-01
6.495439977268079312e-01
8.429913808794405883e-01
6.819388227474505459e-01
4.134510335852751850e-01
3.555433173323712670e-01
-5.381993552292267946e-01
-1.254593751185876460e+00
7.198242243685532005e-02
9.213112823290203757e-02
1.501958590984183162e-01
2.268898271044113291e-01
4.659661012577578365e-01
2.605077479602612711e-01
3.240362889456103179e-01
6.231664726244957181e-02
5.286790981346318752e-01
5.013932888471841487e-01
-5.069266289457613484e-01
8.712458548434828254e-01
5.768330357721342116e-02
-3.519034303354276472e-01
8.844690168530269792e-02
1.356037185338993645e+00
4.880112589054817485e-01
2.645725505920782164e-02
6.337506504701194698e-01
6.830993858889157222e-01
