-5.428977918823795212e-01
6.117378781936231302e-01
4.245149923503875322e-01
2.311502401723171118e+00
4.679040561115160313e-01
4.549364162124246436e-01
1.720084419817246690e+00
1.031169428774145080e+00
5.998955063879158889e-01
3.664934667680733171e-01
1.122110247723237864e+00
4.145180623176005774e-01
-1.203428404047317130e-01
-1.283821932112748712e-02
4.504904299365653508e-01
8.291135220749678014e-01
-3.182147552620233355e-02
5.072535363483826609e-02
9.088005746164964371e-01
1.267891008062302372e-01
-4.117993588367367952e-01
1.223588896565818596e+00
8.176499345353539505e-01
1.888318354459078696e-01
1.120204507537007732e+00
1.539332408480104553e+00
5.690458877615492232e-03
4.946932195920626385e-01
1.275817704329542668e+00
1.181756794414696499e+00
1.384535340118004720e+00
4.428995846066537401e-01
5.852981430548270803e-01
4.174278350912657976e-01
5.238880812660882125e-01
7.295057587703920321e-01
1.806626999130672706e+00
1.269842260722328468e-03
1.377959675330980183e+00
8.411291823171733739e-01
1.153540141486363968e+00
5.715153851888914449e-01
1.032552001323774782e+00
1.562086612158936072e-01
6.210890878051759101e-01
1.045811454309727662e+00
7.691150590608217819e-01
3.864634981195508856e-01
