
CAPPELETTI_2020
Figur of merit = fidelity_chi
Problem = iris
Minimization method = COBYLA
Random seed = 30

BEST RESULT


THETA = 
[-0.69236943  2.77562337 -3.53243049 -0.50901281 -1.84556402 -0.86452174
 -1.16830629  2.21581724]
chi**2 = -0.75087890625
acc_train = <domain.learning.AccuracyTable object at 0x7f7d5b1cfed0>
acc_test = 0.95
acc_train_map: 
{0: <domain.learning.LabelCount object at 0x7f7d5cf56510>, 1: <domain.learning.LabelCount object at 0x7f7d5a647f50>, 2: <domain.learning.LabelCount object at 0x7f7d5ad0ec90>}
acc_test_map: 
{}

learning_state: 
start_date: 2024-01-22 02:33:08.564239
end_date: 2024-01-22 02:46:54.901930
accuracy: 
0.5
0.6222222222222222
0.6777777777777778
0.43333333333333335
0.5222222222222223
0.6222222222222222
0.6111111111111112
0.6
0.5111111111111111
0.6777777777777778
0.7
0.7
0.7111111111111111
0.7444444444444445
0.7111111111111111
0.7666666666666667
0.6888888888888889
0.6777777777777778
0.7
0.6888888888888889
0.6888888888888889
0.7888888888888889
0.7222222222222222
0.7888888888888889
0.8333333333333334
0.8333333333333334
0.8222222222222222
0.8222222222222222
0.8444444444444444
0.8333333333333334
0.8222222222222222
0.7777777777777778
0.8333333333333334
0.8777777777777778
0.8777777777777778
0.8888888888888888
0.8777777777777778
0.9111111111111111
0.9
0.9111111111111111
0.8777777777777778
0.8555555555555555
0.8888888888888888
0.9111111111111111
0.9
0.9222222222222223
0.9
0.9111111111111111
0.9111111111111111
0.9222222222222223
0.9333333333333333
0.9333333333333333
0.9444444444444444
0.9222222222222223
0.9444444444444444
0.9555555555555556
0.9222222222222223
0.9333333333333333
0.9333333333333333
0.9777777777777777
0.9444444444444444
0.9333333333333333
0.9444444444444444
0.9444444444444444
0.9444444444444444
0.9444444444444444
0.9444444444444444
0.9555555555555556
0.9555555555555556
0.9555555555555556
0.9555555555555556
0.9555555555555556
0.9444444444444444
0.9555555555555556
0.9555555555555556
0.9555555555555556
0.9444444444444444
0.9555555555555556
0.9555555555555556
0.9555555555555556
0.9333333333333333
0.9444444444444444
0.9444444444444444
0.9333333333333333
0.9555555555555556
0.9333333333333333
0.9444444444444444
0.9333333333333333
0.9444444444444444
0.9444444444444444
0.9333333333333333
0.9333333333333333
0.9333333333333333
0.9444444444444444
0.9444444444444444
0.9555555555555556
0.9444444444444444
0.9333333333333333
0.9333333333333333
0.9333333333333333
0.9333333333333333
0.9555555555555556
0.9444444444444444
0.9444444444444444
0.9333333333333333
0.9555555555555556
0.9333333333333333
0.9333333333333333
0.9444444444444444
0.9555555555555556
0.9444444444444444
0.9555555555555556
0.9444444444444444
0.9333333333333333
0.9333333333333333
0.9444444444444444
0.9333333333333333
0.9555555555555556
0.9555555555555556
0.9333333333333333
0.9333333333333333
0.9444444444444444
0.9444444444444444
0.9444444444444444
0.9555555555555556
0.9333333333333333
0.9555555555555556
0.9444444444444444
