
CAPPELETTI_2020
Figur of merit = fidelity_chi
Problem = iris
Minimization method = COBYLA
Random seed = 30

BEST RESULT


THETA = 
[-0.644278    2.78003298 -3.64838989 -0.32662449 -2.08233695 -0.86096161
 -1.25391055  2.07111427]
chi**2 = -0.7546361111111111
acc_train = 0.9555555555555556
acc_test = 0.95
acc_train_map: 
{0: LabelCount(count={0: 30}), 1: LabelCount(count={1: 30}), 2: LabelCount(count={2: 26, 1: 2, 0: 2})}
acc_test_map: 
{}

learning_state: 
start_date: 2024-01-22 23:51:43.182039
end_date: 2024-01-23 00:51:17.355624
accuracy: 
0.4888888888888889
0.6333333333333333
0.6777777777777778
0.4222222222222222
0.5111111111111111
0.6111111111111112
0.6222222222222222
0.6
0.5222222222222223
0.6777777777777778
0.7
0.7222222222222222
0.7
0.7444444444444445
0.7
0.7555555555555555
0.7
0.6777777777777778
0.7111111111111111
0.6666666666666666
0.7
0.8111111111111111
0.7444444444444445
0.8
0.8555555555555555
0.7777777777777778
0.8
0.8333333333333334
0.8333333333333334
0.7555555555555555
0.7222222222222222
0.8222222222222222
0.8111111111111111
0.8222222222222222
0.8
0.8222222222222222
0.8222222222222222
0.8222222222222222
0.8222222222222222
0.8222222222222222
0.8333333333333334
0.8555555555555555
0.8666666666666667
0.8888888888888888
0.8888888888888888
0.8888888888888888
0.8888888888888888
0.9
0.9111111111111111
0.9
0.9
0.9111111111111111
0.9
0.8888888888888888
0.8888888888888888
0.8888888888888888
0.9111111111111111
0.8888888888888888
0.9222222222222223
0.9222222222222223
0.9333333333333333
0.9333333333333333
0.9333333333333333
0.9444444444444444
0.9444444444444444
0.9444444444444444
0.9444444444444444
0.9555555555555556
0.9555555555555556
0.9666666666666667
0.9666666666666667
0.9444444444444444
0.9555555555555556
0.9666666666666667
0.9555555555555556
0.9666666666666667
0.9666666666666667
0.9555555555555556
0.9666666666666667
0.9666666666666667
0.9444444444444444
0.9444444444444444
0.9555555555555556
0.9444444444444444
0.9555555555555556
0.9555555555555556
0.9555555555555556
0.9555555555555556
0.9555555555555556
0.9555555555555556
0.9555555555555556
0.9555555555555556
0.9555555555555556
0.9555555555555556
0.9555555555555556
0.9555555555555556
0.9555555555555556
0.9555555555555556
0.9555555555555556
0.9555555555555556
0.9555555555555556
0.9555555555555556
0.9555555555555556
0.9555555555555556
0.9555555555555556
0.9555555555555556
0.9555555555555556
0.9555555555555556
0.9555555555555556
0.9555555555555556
0.9555555555555556
0.9555555555555556
0.9555555555555556
0.9555555555555556
0.9555555555555556
0.9555555555555556
0.9555555555555556
0.9555555555555556
0.9555555555555556
0.9555555555555556
0.9555555555555556
0.9555555555555556
0.9555555555555556
0.9555555555555556
0.9555555555555556
0.9555555555555556
0.9555555555555556
0.9555555555555556
0.9555555555555556
0.9555555555555556
0.9555555555555556
0.9555555555555556
0.9555555555555556
0.9555555555555556
0.9555555555555556
0.9555555555555556
0.9555555555555556
0.9555555555555556
0.9555555555555556
0.9555555555555556
0.9555555555555556
0.9555555555555556
0.9555555555555556
0.9555555555555556
0.9555555555555556
0.9555555555555556
